2 2.504971134841907e+00 5.965593190760416e-01 -1.462624677144445e+00 1.932213160513296e+00 4.474884039254259e+00 1.852095864612398e+00 -7.993751368256493e-01 1.509486838544837e+00
4 5.211732288487310e-01 6.678269207186269e-01 -2.574021979409321e+00 2.640569314980100e+00 -1.400927398156608e-01 1.089289000650183e+00 -1.742604172395824e+00 2.110659876356194e+00
6 2.157316551997525e-01 8.625020545194418e-01 3.140558429473741e+00 1.001654932441194e+00 1.385454998680913e+00 1.169714259225998e-01 2.277067767482625e+00 4.513036552700651e-01
8 -1.026424375280295e+00 1.654198117849363e+00 5.403070361527705e-01 6.556318666775760e-01 -1.542290243323304e+00 1.982988516892942e+00 2.409708717224702e-01 8.464156789979667e-01
10 2.383974764007470e+00 5.194415109132373e-01 2.441454684504079e+00 5.560767046095525e-01 2.229179945597699e+00 4.207820467624053e-01 2.449882534634854e+00 5.614482486081676e-01
25 1.420846553135444e+00 9.441439311090849e-02 3.540814405519115e-01 7.743239370058843e-01 1.863087989992429e+00 1.874510054459335e-01 5.448957859017544e-01 6.527071977771057e-01
40 2.181240101505395e+00 3.902272815692926e-01 4.677141075316320e-01 7.018994324299515e-01 2.104081893921935e+00 3.410500061719250e-01 8.867190881325463e-01 4.348439373733646e-01
55 9.468238568233527e-01 3.965357799501162e-01 1.778941187780994e+00 1.338195047182438e-01 4.734287701883232e-01 6.982571557613655e-01 1.648445883262750e+00 5.064749062738416e-02
70 1.259044922948671e+00 1.975396934081077e-01 2.002896609463196e+00 2.765589201833609e-01 1.094754115561028e+00 3.022514866598978e-01 1.849259180396067e+00 1.786371255070764e-01
85 1.598173472603572e+00 1.860604926546849e-02 1.072412415209520e+00 3.164911117813491e-01 1.750285911593765e+00 1.155558817961755e-01 1.175863270923789e+00 2.505560495126848e-01
100 1.336569849741330e+00 1.481286871853473e-01 1.983224742679196e+00 2.640209305032521e-01 1.486271800707214e+00 5.271519456099816e-02 1.807873298984578e+00 1.522595702024883e-01
250 1.498445319170469e+00 4.495632497638646e-02 1.630950622533379e+00 3.949677468953161e-02 1.543025163001381e+00 1.654307736597516e-02 1.593033191661604e+00 1.532985844377843e-02
400 1.561347298414417e+00 4.865347578121737e-03 1.573628997927368e+00 2.962471888042106e-03 1.528497299149134e+00 2.580250399048056e-02 1.575397640795513e+00 4.089727693100231e-03
550 1.565563039572409e+00 2.178418080616806e-03 1.570866534313530e+00 1.201798096262197e-03 1.575986336624897e+00 4.464936732210711e-03 1.568114755034335e+00 5.520659667334060e-04
700 1.566990720891990e+00 1.268476291770071e-03 1.570036874105071e+00 6.730088742790130e-04 1.570157597845829e+00 7.499529199255228e-04 1.568859188537122e+00 7.759652883221335e-05
850 1.567668432659803e+00 8.365323769282673e-04 1.569663814612100e+00 4.352370286127005e-04 1.569385328005996e+00 2.577418151832322e-04 1.568943452907333e+00 2.389009539016662e-05
1000 1.568047432821557e+00 5.949742081483578e-04 1.569461202088487e+00 3.061006452682591e-04 1.569163920144771e+00 1.166261036134042e-04 1.568965092169231e+00 1.009817389463485e-05
2500 1.568836394913005e+00 9.212419044568598e-05 1.569053532609799e+00 4.626990460687708e-05 1.568984532509068e+00 2.292250610214097e-06 1.568980670644459e+00 1.691334134967803e-07
4000 1.568924681865389e+00 3.585393861715858e-05 1.569009112503295e+00 1.795846659979894e-05 1.568981470002186e+00 3.403423292080987e-07 1.568980897379486e+00 2.462239845346659e-08
5500 1.568951214619295e+00 1.894311879935273e-05 1.568995810505308e+00 9.480353397872676e-06 1.568981084191646e+00 9.444352233600739e-08 1.568980925355439e+00 6.791746720580250e-09
7000 1.568962596298564e+00 1.168893297232021e-05 1.568990111122021e+00 5.847815133019907e-06 1.568980992289413e+00 3.586904817609593e-08 1.568980931974884e+00 2.572801194311580e-09
8500 1.568968501064695e+00 7.925492642502086e-06 1.568987155900504e+00 3.964285863355954e-06 1.568980961850295e+00 1.646848213354701e-08 1.568980934160706e+00 1.179653486005350e-09
10000 1.568971953054353e+00 5.725345031626361e-06 1.568985428750765e+00 2.863475967895823e-06 1.568980949485351e+00 8.587606847854090e-09 1.568980935047183e+00 6.146521069894106e-10
25000 1.568979499190182e+00 9.157672635762282e-07 1.568981654454530e+00 4.579042061081395e-07 1.568980936355697e+00 2.193378811909952e-10 1.568980935986988e+00 1.566136109687477e-11
40000 1.568980374773691e+00 3.577085333494878e-07 1.568981216635398e+00 1.788573920080694e-07 1.568980936064069e+00 3.346678489890564e-11 1.568980936007819e+00 2.384537012289911e-12
55000 1.568980639161739e+00 1.891991254776570e-07 1.568981084437838e+00 9.460043437492516e-08 1.568980936026250e+00 9.362954855873795e-12 1.568980936010519e+00 6.635803018184561e-13
70000 1.568980752753078e+00 1.168009613472520e-07 1.568981027641287e+00 5.840079020380529e-08 1.568980936017165e+00 3.572253604033904e-12 1.568980936011157e+00 2.571276525031863e-13
85000 1.568980811725845e+00 7.921429256985135e-08 1.568980998154658e+00 3.960729966223653e-08 1.568980936014146e+00 1.648015057753582e-12 1.568980936011388e+00 1.093569679255779e-13
100000 1.568980846215265e+00 5.723224105746993e-08 1.568980980909835e+00 2.861620185257152e-08 1.568980936012922e+00 8.679723606519474e-13 1.568980936011481e+00 5.040412531798211e-14
250000 1.568980921644234e+00 9.157106961588113e-09 1.568980943195197e+00 4.578536660915233e-09 1.568980936011585e+00 1.576516694967722e-14 1.568980936011584e+00 1.509903313490213e-14
400000 1.568980930399305e+00 3.577006579824626e-09 1.568980938817657e+00 1.788483583453626e-09 1.568980936011585e+00 1.576516694967722e-14 1.568980936011565e+00 3.330669073875470e-15
550000 1.568980933043094e+00 1.891970802248011e-09 1.568980937495843e+00 9.460172645248122e-10 1.568980936011608e+00 3.064215547965432e-14 1.568980936011529e+00 1.965094753586527e-14
700000 1.568980934179019e+00 1.167981711347466e-09 1.568980936927707e+00 5.839120298389844e-10 1.568980936011550e+00 6.661338147750939e-15 1.568980936011580e+00 1.265654248072678e-14
850000 1.568980934768621e+00 7.921953093514844e-10 1.568980936632825e+00 3.959670369368951e-10 1.568980936011547e+00 8.326672684688674e-15 1.568980936011594e+00 2.176037128265307e-14
1000000 1.568980935113607e+00 5.723158613690771e-10 1.568980936460655e+00 2.862337034059692e-10 1.568980936011567e+00 3.996802888650564e-15 1.568980936011565e+00 3.330669073875470e-15
1200000 1.568980935387947e+00 3.974635065517873e-10 1.568980936323515e+00 1.988267328556503e-10 1.568980936011571e+00 6.883382752675971e-15 1.568980936011504e+00 3.563815909046752e-14
1400000 1.568980935553363e+00 2.920348407542406e-10 1.568980936240824e+00 1.461228915644597e-10 1.568980936011576e+00 1.021405182655144e-14 1.568980936011586e+00 1.643130076445232e-14
1600000 1.568980935660864e+00 2.235185370125237e-10 1.568980936186747e+00 1.116564618541815e-10 1.568980936011529e+00 1.998401444325282e-14 1.568980936011579e+00 1.199040866595169e-14
1800000 1.568980935734536e+00 1.765628754313298e-10 1.568980936150155e+00 8.833400677588088e-11 1.568980936011523e+00 2.353672812205332e-14 1.568980936011611e+00 3.241851231905457e-14
2000000 1.568980935787131e+00 1.430410234704027e-10 1.568980936123766e+00 7.151501613122946e-11 1.568980936011566e+00 3.552713678800501e-15 1.568980936011589e+00 1.820765760385257e-14
