2 2.504971134841907e+00 5.965593190760416e-01 -1.400927398156610e-01 1.089289000650183e+00 4.474884039254259e+00 1.852095864612398e+00 -4.477578584203222e-01 1.285381325001022e+00
4 5.211732288487310e-01 6.678269207186269e-01 -1.542290243323304e+00 1.982988516892942e+00 -1.400927398156608e-01 1.089289000650183e+00 -1.635770076890480e+00 2.042568484642460e+00
6 2.157316551997525e-01 8.625020545194418e-01 2.165616171382411e+00 3.802692701209820e-01 1.385454998680913e+00 1.169714259225998e-01 2.217626916229178e+00 4.134186498572210e-01
8 -1.026424375280295e+00 1.654198117849363e+00 1.806323234174867e-02 9.884872837348384e-01 -1.542290243323304e+00 1.982988516892942e+00 1.220867973860852e-01 9.221872015242983e-01
10 2.383974764007470e+00 5.194415109132373e-01 2.422294711005210e+00 5.438649733774474e-01 2.229179945597699e+00 4.207820467624053e-01 2.435169028699044e+00 5.520705018184502e-01
25 1.420846553135444e+00 9.441439311090849e-02 7.096698114130889e-01 5.476874223742256e-01 1.863087989992429e+00 1.874510054459335e-01 6.327752661744659e-01 5.966966508955698e-01
40 2.181240101505395e+00 3.902272815692926e-01 1.038889438856220e+00 3.378571944302035e-01 2.104081893921935e+00 3.410500061719250e-01 9.678766085185055e-01 3.831176744703453e-01
55 9.468238568233527e-01 3.965357799501162e-01 1.501568744128447e+00 4.296559017120949e-02 4.734287701883232e-01 6.982571557613655e-01 1.570111409057788e+00 7.205142014674593e-04
70 1.259044922948671e+00 1.975396934081077e-01 1.754946047291688e+00 1.185260489862048e-01 1.094754115561028e+00 3.022514866598978e-01 1.798958842740398e+00 1.465778846959447e-01
85 1.598173472603572e+00 1.860604926546849e-02 1.247666101007537e+00 2.047920580990766e-01 1.750285911593765e+00 1.155558817961755e-01 1.214158113635121e+00 2.261485874254273e-01
100 1.336569849741330e+00 1.481286871853473e-01 1.767673111699907e+00 1.266377246070522e-01 1.486271800707214e+00 5.271519456099816e-02 1.786433199099420e+00 1.385945858849222e-01
250 1.498445319170469e+00 4.495632497638646e-02 1.586782188079076e+00 1.134574146755907e-02 1.543025163001381e+00 1.654307736597516e-02 1.589699323084256e+00 1.320499605646153e-02
400 1.561347298414417e+00 4.865347578121737e-03 1.569535098089718e+00 3.531987326541586e-04 1.528497299149134e+00 2.580250399048056e-02 1.572270951352421e+00 2.096912247528282e-03
550 1.565563039572409e+00 2.178418080616806e-03 1.569098702733157e+00 7.505937063578827e-05 1.575986336624897e+00 4.464936732210711e-03 1.568639527140372e+00 2.175991201370797e-04
700 1.566990720891990e+00 1.268476291770071e-03 1.569021489700710e+00 2.584715226272571e-05 1.570157597845829e+00 7.499529199255228e-04 1.568945749157702e+00 2.242656558160139e-05
850 1.567668432659803e+00 8.365323769282673e-04 1.568998687294667e+00 1.131389343211886e-05 1.569385328005996e+00 2.577418151832322e-04 1.568972911247244e+00 5.114634685332575e-06
1000 1.568047432821557e+00 5.949742081483578e-04 1.568989945666177e+00 5.742360795979451e-06 1.569163920144771e+00 1.166261036134042e-04 1.568978347367600e+00 1.649888727417448e-06
2500 1.568836394913005e+00 9.212419044568598e-05 1.568981153377535e+00 1.385395893560570e-07 1.568984532509068e+00 2.292250610214097e-06 1.568980928102099e+00 5.041145167972161e-09
4000 1.568924681865389e+00 3.585393861715858e-05 1.568980968957326e+00 2.099819407241910e-08 1.568981470002186e+00 3.403423292080987e-07 1.568980935554333e+00 2.914166685741293e-10
5500 1.568951214619295e+00 1.894311879935273e-05 1.568980945209971e+00 5.862665464206884e-09 1.568981084191646e+00 9.444352233600739e-08 1.568980935944520e+00 4.272859843723609e-11
7000 1.568962596298564e+00 1.168893297232021e-05 1.568980939514202e+00 2.232431350890351e-09 1.568980992289413e+00 3.586904817609593e-08 1.568980935995853e+00 1.001121407995242e-11
8500 1.568968501064695e+00 7.925492642502086e-06 1.568980937621901e+00 1.026361440281676e-09 1.568980961850295e+00 1.646848213354701e-08 1.568980936006679e+00 3.111066959604614e-12
10000 1.568971953054353e+00 5.725345031626361e-06 1.568980936851961e+00 5.356348697915791e-10 1.568980949485351e+00 8.587606847854090e-09 1.568980936009727e+00 1.168065644208127e-12
25000 1.568979499190182e+00 9.157672635762282e-07 1.568980936033081e+00 1.371636138003396e-11 1.568980936355697e+00 2.193378811909952e-10 1.568980936011568e+00 5.329070518200751e-15
40000 1.568980374773691e+00 3.577085333494878e-07 1.568980936014829e+00 2.083666572616494e-12 1.568980936064069e+00 3.346678489890564e-11 1.568980936011569e+00 5.551115123125783e-15
55000 1.568980639161739e+00 1.891991254776570e-07 1.568980936012472e+00 5.810907310888069e-13 1.568980936026250e+00 9.362954855873795e-12 1.568980936011568e+00 4.884981308350689e-15
70000 1.568980752753078e+00 1.168009613472520e-07 1.568980936011884e+00 2.062794379753541e-13 1.568980936017165e+00 3.572253604033904e-12 1.568980936011557e+00 1.998401444325282e-15
85000 1.568980811725845e+00 7.921429256985135e-08 1.568980936011720e+00 1.021405182655144e-13 1.568980936014146e+00 1.648015057753582e-12 1.568980936011572e+00 7.771561172376096e-15
100000 1.568980846215265e+00 5.723224105746993e-08 1.568980936011645e+00 5.417888360170764e-14 1.568980936012922e+00 8.679723606519474e-13 1.568980936011577e+00 1.088018564132653e-14
250000 1.568980921644234e+00 9.157106961588113e-09 1.568980936011543e+00 1.121325254871408e-14 1.568980936011585e+00 1.576516694967722e-14 1.568980936011584e+00 1.509903313490213e-14
400000 1.568980930399305e+00 3.577006579824626e-09 1.568980936011539e+00 1.321165399303936e-14 1.568980936011585e+00 1.576516694967722e-14 1.568980936011567e+00 4.218847493575595e-15
550000 1.568980933043094e+00 1.891970802248011e-09 1.568980936011593e+00 2.131628207280301e-14 1.568980936011608e+00 3.064215547965432e-14 1.568980936011534e+00 1.643130076445232e-14
700000 1.568980934179019e+00 1.167981711347466e-09 1.568980936011478e+00 5.251354906476990e-14 1.568980936011550e+00 6.661338147750939e-15 1.568980936011578e+00 1.132427485117660e-14
850000 1.568980934768621e+00 7.921953093514844e-10 1.568980936011424e+00 8.704148513061227e-14 1.568980936011547e+00 8.326672684688674e-15 1.568980936011591e+00 1.976196983832779e-14
1000000 1.568980935113607e+00 5.723158613690771e-10 1.568980936011639e+00 5.062616992290714e-14 1.568980936011567e+00 3.996802888650564e-15 1.568980936011566e+00 3.552713678800501e-15
1200000 1.568980935387947e+00 3.974635065517873e-10 1.568980936011659e+00 6.328271240363392e-14 1.568980936011571e+00 6.883382752675971e-15 1.568980936011509e+00 3.286260152890463e-14
1400000 1.568980935553363e+00 2.920348407542406e-10 1.568980936011670e+00 7.038813976123492e-14 1.568980936011576e+00 1.021405182655144e-14 1.568980936011585e+00 1.576516694967722e-14
1600000 1.568980935660864e+00 2.235185370125237e-10 1.568980936011452e+00 6.861178292183467e-14 1.568980936011529e+00 1.998401444325282e-14 1.568980936011575e+00 9.769962616701378e-15
1800000 1.568980935734536e+00 1.765628754313298e-10 1.568980936011615e+00 3.530509218307998e-14 1.568980936011523e+00 2.353672812205332e-14 1.568980936011605e+00 2.864375403532904e-14
2000000 1.568980935787131e+00 1.430410234704027e-10 1.568980936011554e+00 3.663735981263017e-15 1.568980936011566e+00 3.552713678800501e-15 1.568980936011587e+00 1.731947918415244e-14
