1.000000000000000e-02 1.002511174013904e-02
2.000000000000000e-02 2.010089901869307e-02
3.000000000000000e-02 3.022805161770711e-02
4.000000000000000e-02 4.040727532433951e-02
5.000000000000000e-02 5.063929246449959e-02
6.000000000000000e-02 6.092484245989406e-02
7.000000000000001e-02 7.126468240976498e-02
8.000000000000000e-02 8.165958769868403e-02
9.000000000000000e-02 9.211035263186139e-02
1.000000000000000e-01 1.026177910995213e-01
1.100000000000000e-01 1.131827372720051e-01
1.200000000000000e-01 1.238060463273764e-01
1.300000000000000e-01 1.344885952134271e-01
1.400000000000000e-01 1.452312834461143e-01
1.500000000000000e-01 1.560350339466033e-01
1.600000000000000e-01 1.669007939192518e-01
1.700000000000000e-01 1.778295357730355e-01
1.800000000000000e-01 1.888222580891037e-01
1.900000000000000e-01 1.998799866373498e-01
2.000000000000000e-01 2.110037754451052e-01
2.100000000000000e-01 2.221947079212966e-01
2.200000000000000e-01 2.334538980396705e-01
2.300000000000000e-01 2.447824915849661e-01
2.400000000000000e-01 2.561816674662302e-01
2.500000000000000e-01 2.676526391018031e-01
2.600000000000000e-01 2.791966558808735e-01
2.700000000000000e-01 2.908150047069038e-01
2.800000000000000e-01 3.025090116286726e-01
2.900000000000000e-01 3.142800435651701e-01
3.000000000000000e-01 3.261295101311123e-01
3.100000000000000e-01 3.380588655704364e-01
3.200000000000000e-01 3.500696108057892e-01
3.300000000000000e-01 3.621632956127396e-01
3.400000000000000e-01 3.743415209282379e-01
3.500000000000000e-01 3.866059413037324e-01
3.600000000000000e-01 3.989582675143251e-01
3.700000000000000e-01 4.114002693364324e-01
3.800000000000000e-01 4.239337785076329e-01
3.900000000000000e-01 4.365606918837149e-01
4.000000000000000e-01 4.492829748094508e-01
4.100000000000000e-01 4.621026647212979e-01
4.200000000000000e-01 4.750218750021064e-01
4.300000000000000e-01 4.880427991100232e-01
4.400000000000000e-01 5.011677150061591e-01
4.500000000000000e-01 5.143989899082513e-01
4.600000000000000e-01 5.277390854005731e-01
4.700000000000000e-01 5.411905629337563e-01
4.800000000000000e-01 5.547560897520545e-01
4.900000000000000e-01 5.684384452899751e-01
5.000000000000000e-01 5.822405280852090e-01
5.100000000000000e-01 5.961653632604985e-01
5.200000000000000e-01 6.102161106336232e-01
5.300000000000000e-01 6.243960735221895e-01
5.400000000000000e-01 6.387087083185242e-01
5.500000000000000e-01 6.531576349199547e-01
5.600000000000001e-01 6.677466481112572e-01
5.700000000000000e-01 6.824797300094460e-01
5.800000000000000e-01 6.973610636966491e-01
5.900000000000000e-01 7.123950481850025e-01
6.000000000000000e-01 7.275863148788484e-01
6.100000000000000e-01 7.429397457246175e-01
6.200000000000000e-01 7.584604932684351e-01
6.300000000000000e-01 7.741540028766678e-01
6.400000000000000e-01 7.900260374165209e-01
6.500000000000000e-01 8.060827047439090e-01
6.600000000000000e-01 8.223304884060652e-01
6.700000000000000e-01 8.387762820391061e-01
6.800000000000000e-01 8.554274280290963e-01
6.899999999999999e-01 8.722917611130011e-01
7.000000000000000e-01 8.893776577283141e-01
7.100000000000000e-01 9.066940920837409e-01
7.200000000000000e-01 9.242507001267622e-01
7.300000000000000e-01 9.420578528386533e-01
7.400000000000000e-01 9.601267406089808e-01
7.500000000000000e-01 9.784693978309010e-01
7.600000000000000e-01 9.970990941734612e-01
7.700000000000000e-01 1.016030069063094e+00
7.800000000000000e-01 1.035277942744591e+00
7.900000000000000e-01 1.054859840270059e+00
8.000000000000000e-01 1.074794612674052e+00
8.100000000000001e-01 1.095103103162949e+00
8.200000000000000e-01 1.115808470314128e+00
8.300000000000000e-01 1.136936584320226e+00
8.400000000000000e-01 1.158516518032316e+00
8.500000000000000e-01 1.180581162800417e+00
8.600000000000000e-01 1.203168011240570e+00
8.700000000000000e-01 1.226320167318604e+00
8.800000000000000e-01 1.250087589758334e+00
8.900000000000000e-01 1.274529167994530e+00
9.000000000000000e-01 1.299714733588335e+00
9.100000000000000e-01 1.325728742955522e+00
9.200000000000000e-01 1.352675183743995e+00
9.300000000000000e-01 1.380685076580507e+00
9.399999999999999e-01 1.409928359256420e+00
9.500000000000000e-01 1.440633803680556e+00
9.600000000000000e-01 1.473125873928061e+00
9.700000000000000e-01 1.507899074439121e+00
9.800000000000000e-01 1.545799719530957e+00
9.900000000000000e-01 1.588625509357552e+00
1.000000000000000e+00 1.644933472500736e+00
