0.0000000000000000e+00 0.0000000000000000e+00 0.0000000000000000e+00
2.0000000000000001e-01 3.4196883452817725e-10 3.4196883470299996e-10
4.0000000000000002e-01 5.1923336030376106e-08 5.1923336064911115e-08
5.9999999999999998e-01 9.1179956058080095e-07 9.1179956137140637e-07
8.0000000000000004e-01 6.6221573012787508e-06 6.6221573087888117e-06
1.0000000000000000e+00 2.9654977282624944e-05 2.9654977326811356e-05
1.2000000000000000e+00 9.7824971126507312e-05 9.7824971319075251e-05
1.3999999999999999e+00 2.6137845140960982e-04 2.6137845209337314e-04
1.6000000000000001e+00 5.9863432242921431e-04 5.9863432452153531e-04
1.8000000000000000e+00 1.2189834789231853e-03 1.2189834846374754e-03
2.0000000000000000e+00 2.2626558470842701e-03 2.2626558613311728e-03
2.2000000000000002e+00 3.8972450988134909e-03 3.8972451317272885e-03
2.3999999999999999e+00 6.3114354094376320e-03 6.3114354806093256e-03
2.6000000000000001e+00 9.7066653235600864e-03 9.7066654686201233e-03
2.7999999999999998e+00 1.4287596067074032e-02 1.4287596347155092e-02
3.0000000000000000e+00 2.0252253282179705e-02 2.0252253796377722e-02
3.2000000000000002e+00 2.7782618581302980e-02 2.7782619481407190e-02
3.3999999999999999e+00 3.7036296805302675e-02 3.7036298310662658e-02
3.6000000000000001e+00 4.8139707795148264e-02 4.8139710203508608e-02
3.7999999999999998e+00 6.1183072224776994e-02 6.1183075912231884e-02
4.0000000000000000e+00 7.6217296684496574e-02 7.6217302084480298e-02
4.2000000000000002e+00 9.3252724238003987e-02 9.3252731785632009e-02
4.4000000000000004e+00 1.1225960816344610e-01 1.1225961818785740e-01
4.5999999999999996e+00 1.3317008947642561e-01 1.3317010202044105e-01
4.7999999999999998e+00 1.5588141120091598e-01 1.5588142574480157e-01
5.0000000000000000e+00 1.8026008049635359e-01 1.8026009556125780e-01
5.2000000000000002e+00 2.0614668903898634e-01 2.0614670164622326e-01
5.4000000000000004e+00 2.3336111759677822e-01 2.3336112256199984e-01
5.5999999999999996e+00 2.6170787781960125e-01 2.6170786686640862e-01
5.7999999999999998e+00 2.9098137865630480e-01 2.9098133934220249e-01
6.0000000000000000e+00 3.2097094290960232e-01 3.2097085736846576e-01
6.2000000000000002e+00 3.5146543834786614e-01 3.5146528186712500e-01
6.4000000000000004e+00 3.8225742529825313e-01 3.8225716476545069e-01
6.5999999999999996e+00 4.1314675717213323e-01 4.1314634944388723e-01
6.7999999999999998e+00 4.4394360090145957e-01 4.4394299116739144e-01
7.0000000000000000e+00 4.7447087023722445e-01 4.7446999047129296e-01
7.2000000000000002e+00 5.0456608609231546e-01 5.0456485370323212e-01
7.4000000000000004e+00 5.3408269469595593e-01 5.3408101150590370e-01
7.5999999999999996e+00 5.6289088656187680e-01 5.6288863825761115e-01
7.7999999999999998e+00 5.9087796758697242e-01 5.9087502379849166e-01
8.0000000000000000e+00 6.1794833849736552e-01 6.1794455366583778e-01
8.1999999999999993e+00 6.4402314088248802e-01 6.4401835608018110e-01
8.4000000000000004e+00 6.6903962774053771e-01 6.6903367360057631e-01
8.5999999999999996e+00 6.9295031430967580e-01 6.9294301521205415e-01
8.8000000000000007e+00 7.1572196144430755e-01 7.1571314108667328e-01
9.0000000000000000e+00 7.3733443932792020e-01 7.3732392778513323e-01
9.1999999999999993e+00 7.5777951424819701e-01 7.5776715659401250e-01
9.4000000000000004e+00 7.7705959579352879e-01 7.7704526232136417e-01
9.5999999999999996e+00 7.9518647640285489e-01 7.9517007444133114e-01
9.8000000000000007e+00 8.1218008990132051e-01 8.1216157717498261e-01
1.0000000000000000e+01 8.2806731062356242e-01 8.2804671006105579e-01
1.0199999999999999e+01 8.4288081006483950e-01 8.4285822590696735e-01
1.0400000000000000e+01 8.5665798377253943e-01 8.5663361878248234e-01
1.0600000000000000e+01 8.6943995743323987e-01 8.6941413096196474e-01
1.0800000000000001e+01 8.8127067783582735e-01 8.8124384444884707e-01
1.1000000000000000e+01 8.9219609159386726e-01 8.9216885992217643e-01
1.1199999999999999e+01 9.0226341217081807e-01 9.0223656361034221e-01
1.1400000000000000e+01 9.1152047384063328e-01 9.1149498069195767e-01
1.1600000000000000e+01 9.2001516969794594e-01 9.1999221231235651e-01
1.1800000000000001e+01 9.2779496966654851e-01 9.2777595214640030e-01
1.2000000000000000e+01 9.3490651360106503e-01 9.3489307759268758e-01
1.2199999999999999e+01 9.4139527399299117e-01 9.4138931010930060e-01
1.2400000000000000e+01 9.4730528243886769e-01 9.4730893885665990e-01
1.2600000000000000e+01 9.5267891386725234e-01 9.5269460166094133e-01
1.2800000000000001e+01 9.5755672251768820e-01 9.5758711731676238e-01
1.3000000000000000e+01 9.6197732378724188e-01 9.6202536337862543e-01
1.3199999999999999e+01 9.6597731628036498e-01 9.6604619381863033e-01
1.3400000000000000e+01 9.6959123869102715e-01 9.6968439122833727e-01
1.3600000000000000e+01 9.7285155649102117e-01 9.7297264859397958e-01
1.3800000000000001e+01 9.7578867377705825e-01 9.7594157605829446e-01
1.4000000000000000e+01 9.7843096602649260e-01 9.7861972848392675e-01
1.4199999999999999e+01 9.8080482991512719e-01 9.8103365004021492e-01
1.4400000000000000e+01 9.8293474675052561e-01 9.8320793243735793e-01
1.4600000000000000e+01 9.8484335646294230e-01 9.8516528382163859e-01
1.4800000000000001e+01 9.8655153946750695e-01 9.8692660571687540e-01
1.5000000000000000e+01 9.8807850406157793e-01 9.8851107574624908e-01
1.5199999999999999e+01 9.8944187734715572e-01 9.8993623419245580e-01
1.5400000000000000e+01 9.9065779796847286e-01 9.9121807275102847e-01
1.5600000000000000e+01 9.9174100922837516e-01 9.9237112410100758e-01
1.5800000000000001e+01 9.9270495139389481e-01 9.9340855115895765e-01
1.6000000000000000e+01 9.9356185222216342e-01 9.9434223509728492e-01
1.6199999999999999e+01 9.9432281493326913e-01 9.9518286139699186e-01
1.6399999999999999e+01 9.9499790302842472e-01 9.9594000336985666e-01
1.6600000000000001e+01 9.9559622150109484e-01 9.9662220272716917e-01
1.6800000000000001e+01 9.9612599411757141e-01 9.9723704689341341e-01
1.7000000000000000e+01 9.9659463655324065e-01 9.9779124286547594e-01
1.7199999999999999e+01 9.9700882526354073e-01 9.9829068750299266e-01
1.7399999999999999e+01 9.9737456204590680e-01 9.9874053420513786e-01
1.7600000000000001e+01 9.9769723431257495e-01 9.9914525598529580e-01
1.7800000000000001e+01 9.9798167114559411e-01 9.9950870499933164e-01
1.8000000000000000e+01 9.9823219524622553e-01 9.9983416861715679e-01
1.8199999999999999e+01 9.9845267092252776e-01 1.0001244221524730e+00
1.8399999999999999e+01 9.9864654828255894e-01 1.0003817783832685e+00
1.8600000000000001e+01 9.9881690381755583e-01 1.0006081340070940e+00
1.8800000000000001e+01 9.9896647757050128e-01 1.0008050131814235e+00
1.9000000000000000e+01 9.9909770709192047e-01 1.0009736083015115e+00
1.9199999999999999e+01 9.9921275838704871e-01 1.0011148181669123e+00
1.9399999999999999e+01 9.9931355405770506e-01 1.0012292836840160e+00
1.9600000000000001e+01 9.9940179883871560e-01 1.0013174212461837e+00
1.9800000000000001e+01 9.9947900272331380e-01 1.0013794539259306e+00
2.0000000000000000e+01 9.9954650186482064e-01 1.0014154406055222e+00
