0 9.9999999999994504e-01 9.9989412930099897e-01 1.0000000000000000e+00
1 7.4999999999999787e+00 7.4990712019594614e+00 7.4999999999999991e+00
2 6.3749999999999915e+01 6.3755109345488599e+01 6.3749999999999986e+01
3 6.0562499999999909e+02 6.0595258005684013e+02 6.0562500000000000e+02
4 6.3590624999999955e+03 6.3666381622284316e+03 6.3590625000000009e+03
5 7.3129218749999913e+04 7.3268160505378430e+04 7.3129218750000000e+04
6 9.1411523437499942e+05 9.1640954816474160e+05 9.1411523437500023e+05
7 1.2340555664062498e+07 1.2375937739789758e+07 1.2340555664062504e+07
8 1.7893805712890640e+08 1.7944579022267887e+08 1.7893805712890625e+08
9 2.7735398854980464e+09 2.7799577184555283e+09 2.7735398854980474e+09
10 4.5763408110717751e+10 4.5819172221787193e+10 4.5763408110717773e+10
